24
41
41
41
41
41
41
41
41
41
41
41
41
41
41
41
41
41
41
41
41
41
41
41
41
41
41
41
41
41
41
41
41
41
41
41
41
41
41
41
41
41
41
41
41
41
41
41

























































































































24
9
9
12,13
9
17
9
9
19
39
39
39
39
3
0
2
1
3
0
2
1
3
0
2
1
3
0
2
1
3
0
2
1
3
0
2
1
3
0
2
1
3
0
2
1
3
0
2
1
3
0
2
1
3
0
2
1
3
0
2
1
3
0
2
1
3
0
2
1
3
0
2
1
3
0
2
1
3
0
2
1
3
0
2
1
3
0
2
1
3
0
2
1
3
0
2
1
3
0
2
1
3
0
2
1
3
0
2
1
3
0
2
1
3
0
2
1
3
0
2
1
3
0
2
1
3
0
2
1
3
0
2
1
3
0
2
1
3
0
2
1
3
0
2
1
3
0
2
1
3
0
37
2
1
3
0
2
1
3
0
2
1
3
0
2
1
3
0
2
1
3
0
2
1
3
0
2
1
3
0
2
2
1
3
0
2
1
3
0
2
1
3
0
2
1
3
0
2
1
3
0
37
2
1
3
0
2
1
3
0
2
1
3
0
2
1
3
0
2
1
3
0
2
1
3
0
2
1
3
0
2
1
3
0
2
1
3
0
2
1
3
0
2
1
3
0
2
1
3
0
2
1
3
0
2
1
1
3
0
2
1
1
3
0
2
1
3
0
2
1
3
0
2
1
3
0
2
1
3
0
2
1
3
0
2
1
3
0
2
1
3
0
2
1
3
0
2
1
3
0
2
1
3
0
2
1
3
0
2
1
3
0
2
1
3
0
2
1
3
0
2
1
3
0
2
1
3
0
2
1
3
0
2
1
3
0
2
1
3
0
2
1
3
0
2
1
3
0
2
1
3
0
2
1
3
0
2
1
3
0
2
1
3
0
2
1
3
0
2
1
3
0
2
1
3
0
37
2
1
32
32
32
32
41





















10
41
41
41
41
41
41
41
41
41
41
41
41