9,27
11,
11
30
9,30
25,26
27
12
9
12
12
12
12
12,15
12,15
13,
9,13
27
9
9
9
32
9
12,15
12
29
12,13,15
12
27
13
12,15
28,29
13
13
13
13
13
13
13
13
9,13
9,13
9
9,13
17
9
29
28
29,30
32
29,30
30
29,30
33
9,33
9,17,21,33
11
23,33
8
8
8
8
32
17
28
29
30
29
30
17
13
32
9
9
9
9
9
9
9
9
9
9,30
11
11
25
9
9
9
9
9
34
35
32
9,30,36
35,36
9
9
35,36
9
9
9
9
35
9
9
9
9
9
9
9
9
9
9
9
11
11
11
11
11
11
11
11
11
11
11
11
11
1111
11
11
11
11
11
11
11
11
11
9
9
12
12,13
12
12
12
12,13
13,15
9
22
22,35
36
11
17
36
11
11,24