

















































4
2
19
32
39
39
5
0
2
4
2
2
32
32
39
39
5
0
2
37
5
0
37
2
32,37
5
0
2
5
0
3,37
2
2
1
1
5
0
37
2
32,37
0
2
37
2,37
5
0
5
0
2
1
26
17,31
5
0
2
37
1
26
17,31
4
2
37
32
39
39
39
5
0
5
0
5
0
2,3
1
5
0
2,3
2
37
5
0
2,3
2
37
1
5
0
3
37
2
5
0
2,3
2
37
4
2
2
37
19
39
39
39
5
0
2,3
5
0
2
1
5
0
2
1
5
0
2,3
5
2
37
1
5
0
2
1
5
0
2
1,2
2
37
1
5
0
3
2
1
5
0
2
5
0
3
2
2
5
0
2
1
5
0
2
1
5
0
2
1,2
3,37
1,37
1,37
5
0
2
5
0
2
2,37
5
0
2
5
0
2,3
2
37
5
0
2
2
37
5
0
2
5
5
0
2
1
5
0
2
2
5
0
2
2
2
37
5
0
5
0
2,3
5
0
2
5
0
2
1
5
0
2
1
5
0
5
5
0
2
5
0
2,3
2
37
5
0
5
0
2
2
5
0
2
1
5
0
2,3
5
0
2
2
2
5
0
5
0
5
0
2
1
5
0
2,3
5
0
5
0
5
0
5
0
2
5
0
5
0
5
0
5
0
5
0
2
2
1,3
5
0
5
0
5
0
5
0
2
1
5
0
2
1
5
0
2
1
9
11