24
41
41
41
41
41
41
41
41
41
41
41
41
41
41
41
41
41
41
41
41
41
41
41
41
41
41
41
41
41
41
41
41
41
41
9
26,25
9
9
9
9
9
32
24
12
12
32
32
32
32
32,15
32
32
32
24
24
24
24
24
24
24
24
24
24
24
12
27
9
12
12
12
12
12
41
12
41,24
12,15
15
13
41
41
12
13
13
30
30
30
31
24
29,30
15
15,12
9
30
30
31,24
12
13
30
13
13
12,13
41
30
13
30
30
30
30
30,3
30,31
9
27
12
15
12
12,30
41
12,15
41,24
13,30
12
12
30
41
12
13,29
24
13,30,29
41
13
30
30
15
12,15
38
38
24
30,29
13,30,29
30
12,13
38
13
13
41,24
13
13
30,29
30
30
30
30
30,29
38
24
29,30
38
13,30
13
12,13
27
9
9
24
15,12
15,12
29,30,13
24
12
12
12
12
24,13
13
13
13
30
30
30
13,29
29
13
38
13
13
27
9
12,14
38
24
15
12
41
12
24
13
13
38
41
13
24
12
24
12
12
41
38,24
15
15,12
15,12
12
12
24
13
13
8,38
13
13
41
13
13
15,13
24
15,13
13,24
13
13,30
30
12
41
12
12
13
24
13,9
9
12,13
12
9
13
24
30
30
29
13
29
30,9
30
30
41,24
32,30
30,29
30
30
24
30
30
30,24
9,30
30,9,24
9,30
27
29
29
29,9
24
9
41
24
13
15,13
15,13
24
13
13
9
24
9
13
13
24
9
9
24
9
21
9
19
24
9,36
41,9,35
9
9,32
24
24,17
24
24,34
34
34
34
34
34
34
41,32
32,13,9
13
9,13
9
41
24
24,25
9,32
9,32
9
9
9
9
9
9
41
9
9
9
9
24
24,9
9
9
24
24
9
11
9
9
9
41
40
9
9
9
9
9
9
9
9
9
9
9
24
12
13
30
41
14
36
36
36
36
36
35
9,36
9,36
9,35
9,36
9,36
36
24
11
27
9
41
40
41
40
40
40
40
40
40
40
40
40
40
40
40
40
40
40
40
40
40
40
40
40
40
40
40
40
40
40
40
40
40
40
40
40
40
40
40
40
40
40
40
40
40
40
40
40
40
40
40
40
40
40
40
40
40
40
40
40
40
40
40
40
41
10
41
41
41
41
41
41
41
41
41
41
41
41
41
41
41
41
41
41
41
41
41
41
41
41
41
41
41
41
41
41
41
41
41
41
41
41
41
41
41
41
41
41
41
41
41
41
41
41
41
41
41
41
41
41
41
6
41
41
41
41
41
