24
12
6
41
41
41
41
26
40
40
40
40
40
40
40
40
40
40
40
40
40
40
40
40
40
40
40
40
40
40
40
40
40
40
40
40
40
40
40
40
40
40
40
40
40
40
40
40
40
40
40
40
40
41
41
41
41
41
41
41
41
41
41
41
41
41
41
41
41
41
41
41
41
41
41
41
41
41
41
41
41
41
41
41
41
41
41
41
41
41
41
41
41
41
41
41
41
41
41
41
41
41
41
41
41
41
41
41
41
41
41
41
41
41
41
41
41
41
41
41
41
41
41
41
41
41
41
41
41
41
41
41
41
41
41
41
41
41
41
41
26
26
26
26
26
41
41
41
41
41
41
41
41
41
41
41
41
41
41
41
41
41
41
41
41
41
41
41
41
41
41
41
41
41
41
41
41
8
4,8
12,13
24
4
4
12
12
4
13
13
13
12
13
8,13
8
24
8
13
13
30,29
29
8
39
39
39
0
2
1
0
2
1
0
2
1
0
2
1
0
2
1
0
2,3
1
0
2,3
1
0
2,3
1
0
2,3
1
0
2,3
1
0
2,3
1
0
2,3
1
0
2,3
1
28
38
38
38
38
28
38
38
31
28
38
38
31
31
28
38
38
28
38
38
28
30
30
30
30
30
38
28
38
38
28
38
38
24
23
19
23
8
8
23
41
41
41
41
41
41
41
41
41
41
41
41
41
41
41
41
41
41
41
41
41
41
41
41
41
41
41
41
41
41
41
41
41
41
41
41
